4
[ 3.39310186e+00 -5.23796734e+00 -4.70033285e-15 -1.57852688e-02
  3.95157366e-01 -3.21379464e-15 -3.54166951e+00  5.81063437e+00
  2.65394222e-15 -2.39723535e-01  6.00107083e+00  6.06621233e-15
 -4.94175887e+00 -2.86216767e+00  1.38960857e-14 -1.73647118e+00
  3.01455147e+00 -5.14207972e-15  4.99944290e+00  3.40117256e+00
  1.75206876e-14  2.99511791e-01 -7.49776801e+00  3.41101263e-15
 -6.67437053e+00 -6.77622496e-02  3.33475594e-16  1.49047846e+00
  3.14345776e+00 -5.72857559e-16  1.77241718e-01 -4.43694490e+00
 -6.61414519e-15 -5.25481159e+00  2.99154798e+00 -4.38884799e-16
  6.65850840e+00  4.64843511e-01  7.86199943e-16 -1.73248799e+00
 -2.17223054e+00  4.17687717e-15  5.15431694e+00 -2.45886181e+00
 -1.28756837e-14  3.32881049e+00  6.11582060e-01 -3.19421758e-15
 -2.96447679e+00 -5.49193222e+00  3.54921660e-15 -3.36698718e+00
  3.44106417e-01  4.20769522e-15  3.06689151e+00  6.07462519e+00
  5.65426389e-16  1.90023837e+00 -2.02711477e+00  1.02684526e-14]
[-2.61926996e+00  2.30400153e+00 -1.06217095e-15  4.22805677e-04
 -9.82252566e-04  1.52321166e-15  1.26950047e-01  3.48609839e+00
 -8.04812432e-16  2.66487908e+00 -6.19098536e+00  6.82634298e-16
  2.61998746e+00  1.94351102e+00  4.63749278e-16 -3.21248011e+00
 -5.67045852e-01  1.86068964e-15  3.62539435e+00  5.01398124e+00
 -7.25255531e-16  7.62009904e-01  6.68721327e+00  1.53346368e-15
  3.30164593e+00 -8.87688265e-01 -1.99000243e-15  5.80479502e+00
  2.40654333e+00 -9.71615243e-16 -3.91078895e+00 -5.31782682e+00
 -1.32653351e-15  1.35961842e+00 -3.15863401e+00  8.14173918e-16
  6.55054646e+00 -8.14796653e-01  2.45495775e-16 -5.38080658e+00
  4.04306823e+00  1.68670240e-16 -1.62467970e+00 -3.00820080e+00
 -2.98456139e-16 -2.44310530e+00  5.67576563e+00  2.81972307e-16
 -6.31199889e-01 -6.11828385e+00 -2.24367961e-15 -6.13368944e+00
  8.13231805e-01 -5.88955650e-16 -5.73789986e+00 -2.56195268e+00
 -4.75884245e-16  4.87767032e+00 -3.74701788e+00  4.01763827e-16]
[-1.25532334e+00  6.81569213e+00 -4.46858743e-14 -6.56750527e+00
  9.32613157e-01 -4.30365937e-14  1.78209825e+00 -9.57161581e-01
  3.82556793e-14 -9.89021637e-01 -2.73187889e+00 -2.95350127e-14
  4.31829456e+00  7.54215792e-01 -6.74529455e-14  1.73139624e+00
  2.33315091e+00  4.03006250e-14  1.75587625e+00 -4.01664138e+00
 -4.84263877e-15 -1.01075102e+00  3.66895695e+00 -1.86142879e-14
  1.98827821e+00  5.58979314e+00  6.19835989e-15 -3.61695582e+00
 -1.18342441e+00 -3.20314248e-14 -5.21122865e-01 -6.29920184e+00
 -3.98481969e-14 -8.58120952e-01  4.60895132e-01  3.99916889e-15
  4.76501873e+00 -2.55928250e+00 -1.50890427e-14  4.15376656e+00
 -5.98524872e+00 -1.32924545e-14  7.28368607e+00 -1.57785329e-01
  2.97206077e-14  4.96384449e+00  3.91302451e+00 -3.18466287e-14
 -3.56221570e+00 -4.74443431e+00  1.80274738e-15 -3.58156137e+00
  1.92364980e+00  3.20208216e-14 -6.37543556e+00 -2.71722604e+00
  2.18159815e-14 -4.40424583e+00  4.96029349e+00 -9.38538260e-15]
[-5.88454946e+00 -3.68306125e+00  2.90937865e-12  3.24567382e+00
 -7.01671608e-01 -1.37568338e-11  5.78847587e+00 -3.05011070e+00
 -2.54700884e-12  1.94630462e+00 -6.88034026e+00  2.05754245e-12
 -4.15167709e-01 -4.62380662e+00  5.18579970e-12  7.89895155e-01
  1.36099589e+00 -7.54496126e-12 -4.60392929e-01  6.81528966e+00
  5.71259794e-13  1.57173786e-01 -1.56573962e+00  8.83176482e-12
  2.65137454e+00 -3.72976252e+00 -1.51478037e-12 -2.86319602e+00
 -2.51667229e+00 -1.52738070e-13  1.53185334e+00  4.38239401e+00
 -1.11329007e-13 -1.56795630e+00  3.47462860e+00  5.04464859e-13
 -2.35797592e+00  5.09763098e-01 -3.10330750e-12  4.61454849e+00
  5.46197088e+00  2.15158039e-12  6.53146917e+00  3.86702086e-01
  5.27747671e-12 -5.62944658e+00 -4.00817071e-01 -9.06167779e-13
 -3.83770543e+00  5.78488371e+00 -2.13237192e-12 -4.96117328e+00
  2.69036852e+00 -3.54319116e-12  3.95525287e+00  2.30149735e+00
  6.12962862e-12 -3.23445811e+00 -6.01651192e+00 -3.54598304e-13]
