-7.5154325879342210E-01           1
-2.3174373652618736E+00           1
-7.0201381864954760E-15           1
+5.0782247469387298E-01           1
-2.6420875173700686E+00           1
+4.1790438240430441E-15           1
+1.5571016971309852E+00           1
-1.8737042247049494E+00           1
-6.2665737981515598E-15           1
+1.2148687301030265E+00           1
-6.8853219884718153E-01           1
+3.0665264075084214E-14           1
-2.3659410940455072E+00           1
+7.5098316904424967E-01           1
-7.1214549524604040E-15           1
-1.9317617214435956E+00           1
-1.7232969404090424E+00           1
-1.6066751788648717E-16           1
-1.7296437160318969E+00           1
+2.1923304575389460E+00           1
-3.3563326511376070E-15           1
+1.9189595381553057E+00           1
+1.5745625644335430E+00           1
+1.4813307822432702E-15           1
-1.2091450364101661E+00           1
+1.1400598565291151E+00           1
-6.5735822368614469E-14           1
-1.4712597833230767E-01           1
+7.6546378016480687E-01           1
+7.0591860525468452E-14           1
+2.7940955901851744E-01           1
-1.4537058643259626E+00           1
-4.3971549377697495E-14           1
-4.0468828284580488E-01           1
+2.1055032290467981E+00           1
-2.4079636435657434E-14           1
+7.0035246625362235E-01           1
+1.5070748544628212E+00           1
-9.6019134921398444E-15           1
+7.9367163736060897E-01           1
+2.6773243259356208E+00           1
+2.1742746320565924E-14           1
-1.1281897983252567E+00           1
+7.7034944061080716E-03           1
-2.7889793250761742E-14           1
+2.4329691146172769E+00           1
-8.8437377889047120E-01           1
+9.9852615276663000E-15           1
+1.0449468156117729E+00           1
+4.2539125169815539E-01           1
-7.5980170386514684E-15           1
-8.7305631468286393E-01           1
-1.0898418649926904E+00           1
+1.8460206156526095E-15           1
-2.2350384185870671E+00           1
-5.0685533760472690E-01           1
-1.5322979458795348E-14           1
+2.2636834559283980E+00           1
+3.5782157329821568E-01           1
-1.6872408834971129E-14           1
+6.2348129353399014E-02           1
-3.2438346623443853E-01           1
+2.3219885929652019E-16           1
